0,1,2,3,4,5,6,7,8,9,10,11,12,13,14,15,16,17,18,19,20,21,22,23,24,25,26,27,28,29,30,31,32,33,34,35,36,37,38,39,40,41,42,43,44,45,46,47,48,49,50,51,52,53,54,55,56,57,58,59,60,61,62,63,64,65,66,67,68,69,70,71,72,73,74,75,76,77,78,79,80,81,82,83,84,85,86,87,88,89,90,91,92,93,94,95,96,97,98,99,100,101,102,103,104,105,106,107,108,109,110,111,112,113,114,115,116,117,118,119,120,121,122,123,124,125,126,127,class,
6351,16,9,8,143,22,7,7,0,0,0,7,0,0,0,0,22,5,6,5,122,5755,53,27,0,51,8,92,0,0,0,0,0,0,0,0,0,27,4,17,0,161,5836,103,0,0,147,39,0,0,0,0,0,0,0,0,0,0,8,7,0,0,33,6784,0,0,0,0,0,0,0,0,0,0,0,0,0,0,0,0,0,0,0,0,0,0,0,0,0,0,0,0,0,0,0,0,0,0,0,0,0,0,0,0,0,0,0,0,0,0,0,0,0,0,0,0,0,0,0,0,0,0,0,0,0,0,0,25882,car,
10781,4769,2720,140,1678,16189,3949,95,0,884,7161,2033,0,0,1,828,883,739,1790,510,792,6297,2630,1284,0,69,3575,2174,0,0,6,824,0,0,0,0,9,1603,672,897,0,1591,9245,3029,0,0,96,944,0,0,0,0,0,0,0,0,0,94,5259,1960,0,0,2248,5549,33952,988,4354,3,75,23417,393,1,0,5,3272,1042,0,0,0,229,36,30,2213,439,125,2706,388,157,0,0,1280,696,0,0,0,276,0,0,0,0,0,517,17,347,0,442,13524,676,0,0,5,311,0,0,0,0,0,0,0,0,0,6,5711,579,0,0,777,7008,car,
9371,6979,5707,4585,22,3527,1483,328,0,0,753,4,0,0,0,0,600,116,1726,1899,1480,8002,7140,4760,0,187,30107,5304,0,0,0,5,0,0,0,0,0,809,2128,560,0,1415,51343,41104,0,0,250,15200,0,0,0,0,0,0,0,0,0,7,982,205,0,0,445,6270,6059,432,5076,5006,0,39,576,38,0,0,233,0,0,0,0,0,881,0,1411,2529,4468,1728,2427,8473,0,104,11513,6172,0,0,0,0,0,0,0,0,0,868,1505,543,0,2595,8043,9140,0,0,428,13403,0,0,0,0,0,0,0,0,0,0,498,0,0,0,82,120533,car,
10718,69,0,0,1331,981,0,0,0,0,0,0,0,0,0,0,43,6,0,0,15,14393,41,0,0,440,259,0,0,0,0,0,0,0,0,0,0,4,4,0,0,7,8023,13,0,0,138,115,0,0,0,0,0,0,0,0,0,0,9,4,0,0,1,4989,0,0,0,0,0,0,0,0,0,0,0,0,0,0,0,0,0,0,0,0,0,0,0,0,0,0,0,0,0,0,0,0,0,0,0,0,0,0,0,0,0,0,0,0,0,0,0,0,0,0,0,0,0,0,0,0,0,0,0,0,0,0,0,41603,car,
10375,43,180,115,44,91,32,9,0,0,0,0,0,0,0,0,5693,88,2,7,532,8885,105,112,0,99,60,14,0,0,0,0,139,2,0,0,110,3102,101,2,0,1366,10003,154,0,0,25,22,0,0,0,0,0,1,0,0,0,1,2568,58,0,0,164,4806,0,0,0,0,0,0,0,0,0,0,0,0,0,0,0,0,0,0,0,0,0,0,0,0,0,0,0,0,0,0,0,0,0,0,0,0,0,0,0,0,0,0,0,0,0,0,0,0,0,0,0,0,0,0,0,0,0,0,0,0,0,0,0,49110,car,
6972,121,17,3,19,197,56,36,0,0,0,5,0,0,0,0,26,14,0,0,9,8127,32,3,0,76,501,6,0,0,0,0,0,0,0,0,0,7,4,0,0,0,9780,17,0,0,590,2320,0,0,0,0,0,0,0,0,0,0,6,1,0,0,5,8660,7135,0,0,0,0,0,0,0,0,0,0,0,0,0,0,0,0,0,0,0,0,1660,0,0,0,0,0,0,0,0,0,0,0,0,0,0,0,0,0,0,0,0,378,0,0,0,0,10,0,0,0,0,0,0,0,0,0,0,0,0,0,0,0,28427,car,
7446,68,2,7,18,69,13,40,0,0,0,2,0,0,0,0,5323,11,0,0,5022,8553,158,18,0,45,127,27,0,0,0,0,0,0,0,0,1840,2254,34,1,0,3070,7562,110,0,0,17,83,0,0,0,0,0,0,0,0,1,2789,2823,5,0,0,4210,6858,0,0,0,0,0,0,0,0,0,0,0,0,0,0,0,0,0,0,0,0,0,258,0,0,0,0,0,0,0,0,0,0,0,0,0,0,0,0,0,0,0,0,3828,0,0,0,0,0,0,0,0,0,0,0,0,0,0,148,88,0,0,0,569,53715,car,
7621,7029,8100,32,196,37,1362,27,0,0,0,0,0,0,0,0,57,12,2,0,495,7811,5869,3047,0,49,34,177,0,0,0,0,0,0,0,0,9,25,10,1,0,166,6033,2173,0,0,180,27,0,0,0,0,0,0,0,0,0,8,13,10,0,0,240,4630,0,0,0,0,0,0,0,0,0,0,0,0,0,0,0,0,0,0,0,0,0,0,0,0,0,0,0,0,0,0,0,0,0,0,0,0,0,0,0,0,0,0,0,0,0,0,0,0,0,0,0,0,0,0,0,0,0,0,0,0,0,0,0,55482,car,
8924,11,0,8,4,5,0,0,0,0,0,0,0,0,0,0,53,8,1,3,57,9744,85,20,0,3,31,50,0,0,0,0,0,0,0,0,0,6,1,11,0,43,5880,53,0,0,67,2,0,0,0,0,0,0,0,0,0,0,1,5,0,0,411,3863,0,0,0,0,0,0,0,0,0,0,0,0,0,0,0,0,0,0,0,0,0,0,0,0,0,0,0,0,0,0,0,0,0,0,0,0,0,0,0,0,0,0,0,0,0,0,0,0,0,0,0,0,0,0,0,0,0,0,0,0,0,0,0,29350,car,
16684,17610,0,0,452,14895,1072,0,0,0,11,2,0,0,0,0,614,32,0,0,1308,15653,6182,0,0,349,5456,165,0,0,0,0,0,0,0,0,0,1005,0,0,0,2473,14336,3719,0,0,442,2326,0,0,0,0,0,0,0,0,0,5,4785,6,0,0,6314,10059,68310,15957,0,0,0,33676,469,0,0,0,0,0,0,0,0,0,0,0,0,0,0,313,808,0,0,0,89,2,0,0,0,0,0,0,0,0,0,0,0,0,0,0,694,0,0,0,3,1,0,0,0,0,0,0,0,0,0,0,0,0,0,0,7,5626,car,
6552,174,4,0,17,57,1,0,0,0,0,0,0,0,0,0,2189,26,2,0,1372,6490,65,3,0,14,34,0,0,0,0,0,2,0,0,0,493,999,17,5,10,934,6006,41,0,0,6,42,0,0,0,0,26,2,0,0,109,529,835,6,0,304,1542,4963,0,0,0,0,0,0,0,0,0,0,0,0,0,0,0,0,0,0,0,0,0,0,0,0,0,0,0,0,0,0,0,0,0,0,0,0,0,0,0,0,0,0,0,0,0,0,0,0,0,0,0,0,0,0,0,0,0,0,0,0,0,0,0,33871,car,
12706,46,10,0,1,0,0,0,0,0,0,0,0,0,0,0,4789,73,13,0,1834,12500,21,0,0,0,0,0,0,0,0,0,11,0,0,0,32,2950,28,0,0,1942,12595,9,0,0,0,0,0,0,0,0,0,28,0,0,0,3,6856,6,0,0,4712,11331,692,0,0,0,0,0,0,0,0,0,0,0,0,0,0,0,117,0,0,0,3,1804,0,0,0,0,0,0,0,0,0,0,0,0,0,0,0,33,0,0,0,9,150,0,0,0,0,0,0,0,0,0,0,0,0,0,0,0,0,0,0,0,0,69688,car,
4899,5,0,3,1,6,13,0,0,0,0,0,0,0,0,0,1,1,7,14,0,6205,65,16,0,2,19,8,0,0,0,0,0,0,0,0,0,3,5,3,0,4,6500,70,0,0,0,29,0,0,0,0,0,0,0,0,0,0,0,11,0,0,7,5707,0,0,0,0,0,0,0,0,0,0,0,0,0,0,0,0,0,0,0,0,0,0,0,0,0,0,0,0,0,0,0,0,0,0,0,0,0,0,0,0,0,0,0,0,0,0,0,0,0,0,0,0,0,0,0,0,0,0,0,0,0,0,0,23604,car,
10905,1686,0,0,38,3261,2955,0,0,1,4701,5279,0,0,0,2745,1851,146,0,0,684,5282,378,0,0,18,1898,1985,0,0,2,2666,0,0,0,0,0,410,17,0,0,108,1995,205,0,0,3,911,0,0,0,0,0,0,0,0,0,0,241,17,0,0,65,3162,0,0,0,0,0,0,0,0,0,0,0,0,0,0,0,0,0,0,0,0,0,0,0,0,0,0,0,0,0,0,0,0,0,0,0,0,0,0,0,0,0,0,0,0,0,0,0,0,0,0,0,0,0,0,0,0,0,0,0,0,0,0,0,53615,car,
9881,81,5,0,32,64,1,0,0,0,0,0,0,0,0,0,6816,89,0,0,3984,9409,46,5,0,97,32,0,0,0,0,0,48,0,0,0,2404,4860,25,2,0,2743,6873,44,0,0,14,21,0,0,0,0,0,1,0,0,0,975,2477,20,0,0,1023,6649,0,0,0,0,0,0,0,0,0,0,0,0,0,0,0,0,0,0,0,0,0,0,0,0,0,0,0,0,0,0,0,0,0,0,0,0,0,0,0,0,0,0,0,0,0,0,0,0,0,0,0,0,0,0,0,0,0,0,0,0,0,0,0,58721,car,
9062,181,92,32,1,12,19,6,0,0,0,0,0,0,0,0,886,72,6,0,456,9256,117,44,0,5,5,7,0,0,0,0,0,0,0,0,0,868,164,0,0,522,16341,66,0,0,4,21,0,0,0,0,0,0,0,0,0,0,2360,577,0,0,121,14861,0,0,0,0,0,0,0,0,0,0,0,0,0,0,0,0,0,0,0,0,0,0,0,0,0,0,0,0,0,0,0,0,0,0,0,0,0,0,0,0,0,0,56164,0,0,0,0,0,0,0,0,0,0,0,0,0,0,0,0,0,0,0,0,0,car,
6235,50,1,0,5,25,24,1,0,0,0,0,0,0,0,0,37,17,0,0,7,8009,6,0,0,1,4,10,0,0,0,0,0,0,0,0,0,26,7,0,0,2,4828,5,0,0,0,4,0,0,0,0,0,0,0,0,0,0,62,3,0,0,0,5261,0,0,0,0,0,0,0,0,0,0,0,0,0,0,0,0,0,0,0,0,0,0,0,0,0,0,0,0,0,0,0,0,0,0,0,0,0,0,0,0,0,0,0,0,0,0,0,0,0,0,0,0,0,0,0,0,0,0,0,0,0,0,0,24630,car,
4598,908,0,0,28,38,0,0,0,0,0,0,0,0,0,0,46,3250,1686,0,24,4325,361,0,0,27,28,0,0,0,0,0,0,0,2052,2494,0,41,1253,2010,0,33,3592,177,0,0,13,17,0,0,0,1003,0,0,0,5388,0,0,16,2578,0,0,15,2734,0,0,0,0,0,0,0,0,0,0,0,0,0,0,0,0,0,0,0,0,0,0,0,0,0,0,0,0,0,0,0,0,0,0,39,0,0,0,0,0,0,0,0,0,0,0,0,0,0,0,0,0,0,0,0,0,0,0,0,0,0,0,0,38696,car,
8387,64,0,0,7,94,0,0,0,0,0,0,0,0,0,0,23,22,0,0,5,8890,58,0,0,2,198,0,0,0,0,0,0,0,0,0,0,0,1,0,0,2,9552,693,0,0,4,1086,0,0,0,0,0,0,0,0,0,0,0,6,0,0,2,7293,1658,0,0,0,0,0,0,0,0,0,0,0,0,0,0,0,0,0,0,0,0,1507,0,0,0,0,0,0,0,0,0,0,0,0,0,0,0,0,0,0,0,0,27,0,0,0,0,0,0,0,0,0,0,0,0,0,0,0,0,0,0,0,0,33197,car,
5998,1994,374,1,8,642,1108,849,0,0,32,931,0,0,0,258,789,145,1,0,265,9736,536,5,0,37,234,114,0,0,0,132,34,0,0,0,502,1154,70,1,52,635,9197,269,0,0,7,263,0,0,0,0,44,0,0,0,162,71,2255,125,0,2,1163,8084,0,0,0,0,0,0,0,0,0,0,0,0,0,0,0,0,0,0,0,0,0,0,0,0,0,0,0,0,0,0,0,0,0,0,0,0,0,0,0,0,0,0,0,0,0,0,0,0,0,0,0,0,0,0,0,0,0,0,0,0,0,0,0,48279,car,
10348,11171,2094,70,309,13570,2609,17,0,0,21,0,0,0,0,0,4507,374,1661,442,6137,21789,19073,1345,0,25,16882,2514,0,0,0,26,0,0,0,0,3,864,213,1078,1,785,8795,9286,0,0,5,4042,0,0,0,0,0,0,0,1,0,0,443,748,0,0,363,4176,41245,8952,2031,0,6,8647,1874,2,0,0,0,0,0,0,0,0,529,4,3038,214,715,18195,6741,1299,0,0,4926,301,0,0,0,0,0,0,0,0,0,888,5,2618,0,482,7064,3666,0,0,0,985,0,0,0,0,0,0,0,0,0,0,61,177,0,0,61,31061,car,
4242,2010,1959,2111,650,2038,141,46,0,0,0,3,0,0,0,0,472,167,161,1253,663,8727,3646,1448,0,1302,5825,530,0,0,0,716,0,0,0,0,61,679,87,486,0,1267,10349,2602,0,0,235,1904,0,0,0,0,0,0,0,0,0,48,1380,436,0,0,742,3766,10157,354,3576,3221,77,678,2,16,0,0,0,0,0,0,0,0,2,0,2,567,321,7159,1245,265,0,83,1610,19,0,0,0,0,0,0,0,0,4,36,0,140,0,1550,11227,475,0,0,25,433,0,0,0,0,0,0,0,0,0,1,726,61,0,0,279,17841,car,
6688,3567,2515,1756,180,110,0,9,0,0,0,0,0,0,0,0,6155,253,571,1722,5987,9296,1324,2393,0,36,44,0,0,0,0,0,0,0,0,0,568,2149,254,971,188,2586,6275,2133,0,0,10,241,0,0,0,0,0,0,0,0,282,904,1771,542,0,10,2644,5364,374,2,0,43,0,0,0,0,0,0,0,0,0,0,0,0,4657,0,4,9,3521,7194,33,81,0,0,0,0,0,0,0,0,0,0,0,0,48,2786,0,3,3,123,1592,7,0,0,0,0,0,0,0,0,0,0,0,0,556,2133,2210,0,0,0,13191,30928,car,
7476,2025,337,5,197,1230,2455,2596,0,8,80,3739,0,0,3,101,2615,105,0,0,1659,4723,420,34,0,63,737,1125,0,0,27,621,361,3,0,0,49,514,15,0,0,237,3271,195,0,0,82,724,48,1,0,0,5,33,1,0,0,12,210,13,0,0,231,4451,0,0,0,0,0,0,0,0,0,0,0,0,0,0,0,0,0,0,0,0,0,0,0,0,0,0,0,0,0,0,0,0,0,0,0,0,0,0,0,0,0,0,0,0,0,0,0,0,0,0,0,0,0,0,0,0,0,0,0,0,0,0,0,42837,car,
7806,4868,4972,2044,5,17,1,0,0,0,0,0,0,0,0,0,1465,465,1035,1785,1050,5985,1990,3436,0,1,6,1,0,0,0,0,0,0,0,0,0,402,434,2017,0,130,4609,4151,0,0,29,23,0,0,0,0,0,0,0,0,0,0,279,1717,0,0,119,6699,12226,11,375,346,0,0,0,0,0,0,0,0,0,0,0,0,276,0,23,221,1271,1700,32,1534,0,0,0,0,0,0,0,0,0,0,0,0,0,20,3,139,0,0,30,448,0,0,0,0,0,0,0,0,0,0,0,0,0,0,0,142,0,0,0,38744,car,
7936,215,0,0,572,2670,670,1,0,786,2493,5,0,0,20,0,3465,23,0,0,3025,13402,1094,0,0,328,4962,39,0,0,24,0,1206,0,0,0,2939,3651,2,0,1,2523,15200,671,0,0,2843,3120,26,0,0,0,2061,413,0,0,349,3850,9638,8,0,105,9602,8539,0,0,0,0,0,0,0,0,0,0,0,0,0,0,0,0,0,0,0,0,3,0,0,0,0,0,0,0,0,0,0,0,0,0,0,0,0,0,0,0,0,0,688,0,0,0,2,0,0,0,0,0,0,0,0,0,0,0,1540,0,0,0,345,105899,car,
9535,31,5,0,0,1,0,0,0,0,0,0,0,0,0,0,9171,5,0,0,5440,7028,13,0,0,2,0,0,0,0,0,0,194,0,0,0,2471,5694,1,0,0,1982,5133,15,0,0,0,1,0,0,0,0,251,20,0,0,81,1190,3250,3,0,0,2767,7954,0,0,0,0,0,0,0,0,0,0,0,0,0,0,0,0,0,0,0,0,0,0,0,0,0,0,0,0,0,0,0,0,0,0,0,0,0,0,0,0,0,0,0,0,0,0,0,0,0,0,0,0,0,0,0,0,0,0,0,0,0,0,0,62238,car,
12056,132,11,0,62,91,4,0,0,0,0,0,0,0,0,0,1998,65,1,0,1254,12576,164,1,0,59,67,0,0,0,0,0,0,0,0,0,11,1669,62,0,0,1131,8696,45,0,0,462,664,0,0,0,0,0,0,0,0,0,1,525,16,0,0,377,10806,2153,0,0,0,0,0,0,0,0,0,0,0,0,0,0,0,115,0,0,0,10,2566,0,0,0,0,0,0,0,0,0,0,0,0,0,0,0,68,0,0,0,9,103,0,0,0,0,0,0,0,0,0,0,0,0,0,0,0,0,0,0,0,0,47982,car,
9488,5799,3729,1417,111,800,1043,699,0,0,0,0,0,0,0,0,370,237,131,43,246,12905,4187,3332,0,72,460,317,0,0,0,0,0,0,0,0,0,674,206,223,0,355,12136,4599,0,0,57,519,0,0,0,0,0,0,0,0,0,0,396,136,0,0,139,6884,0,0,0,0,0,0,0,0,0,0,0,0,0,0,0,0,0,0,0,0,0,0,0,0,0,0,0,0,0,0,0,0,0,0,0,0,0,0,0,0,0,0,0,0,0,0,0,0,0,0,0,0,0,0,0,0,0,0,0,0,0,0,0,71710,car,
13676,1975,169,6,2817,11880,2250,222,0,671,4189,248,0,0,5,0,7018,387,0,0,1472,5522,1334,43,0,201,5478,604,0,0,289,129,2532,0,0,0,3760,3444,34,0,0,797,4098,1338,0,0,7,266,236,0,0,0,3363,2470,0,0,584,3849,1213,16,0,199,867,1023,35841,193,19,0,375,4453,210,20,0,29,2364,20,0,0,0,0,9442,4,0,0,391,1458,50,2,0,0,2257,40,0,0,9,0,2165,0,0,0,3139,2590,0,0,0,441,4796,114,0,0,0,6,29,0,0,0,10930,728,0,0,424,4478,58,0,0,31,918,2657,car,
8365,32,19,0,167,13,16,7,0,0,0,0,0,0,0,0,352,22,1,0,977,12526,112,27,0,75,47,30,0,0,0,0,0,0,0,0,0,1052,167,0,0,434,16492,164,0,0,29,26,0,0,0,0,0,0,0,0,0,0,4001,233,0,0,547,12982,7816,0,0,0,0,0,0,0,0,0,0,0,0,0,0,0,0,0,0,0,183,3924,0,0,0,0,0,0,0,0,0,0,0,0,0,0,0,0,0,0,0,468,5188,0,0,0,0,0,0,0,0,0,0,0,0,0,0,0,54,0,0,0,356,40926,car,
2588,1243,464,0,49,565,367,31,0,24,319,334,0,2,1,151,2587,49,3,0,394,3686,1021,411,0,151,359,73,0,13,72,230,930,9,0,0,1055,2231,65,14,0,397,3082,472,0,0,479,409,71,1,0,0,33,231,2,0,0,112,610,65,0,0,371,3380,13,0,0,0,0,1,0,0,0,0,0,0,0,0,0,0,262,0,0,0,0,401,0,1,0,0,0,0,0,0,38,140,12,0,0,0,67,473,0,0,0,0,5,0,0,0,0,0,8,0,0,0,0,0,0,0,0,0,0,0,0,0,0,27785,car,
